3
12
0.0 0.0 0.0 0.0 0.0821740509939713 0.1891606901354815 0.2334521382182926 0.2921478889282721 0.43578150354491946 0.6512084085324275 0.7801191561369942 0.8570452404536998 1.0 1.0 1.0 1.0
33.0 47.00000000000001
49.64613309298426 61.09589554327773
65.30964622670598 36.248313369084094
69.89344462480126 100.35888493597626
90.3216044444787 75.94421456315422
102.40087309142606 39.2532199999381
-5.712992642147759 102.4741669935601
132.40855946342276 -15.695216962676534
67.55707604828225 46.84311119937061
11.467630773963315 31.397325238501708
57.108842158544014 68.05558663594243
67.0 76.0