3
15
0.0 0.0 0.0 0.0 0.10674136840722973 0.18860826083723373 0.3043855304210846 0.4363919279856694 0.4773253742006714 0.5840667426079011 0.635843911615663 0.687621080623425 0.8170640031428297 0.8749526379347551 0.8932586315927703 1.0 1.0 1.0 1.0
1.0000000000000002 2.0
2.5113708028991866 4.84830067789278
5.500247078767819 10.250242048747538
0.7783516851942628 -0.9985866705341007
2.426617968651153 13.507552982931033
12.700461410376205 5.967009370355058
6.161814406117525 2.580546471117862
6.766612544331193 11.11061498117358
1.7478963022052552 7.0515682409421325
7.456339757298104 2.0902306771552626
4.36781957803762 17.299476308007904
2.9909318321702085 7.731523317263421
2.9061620193920037 12.15653188216029
5.314688029800792 14.370147127855605
6.0 15.0