3
12
0.0 0.0 0.0 0.0 0.07518478683980002 0.15036957367960005 0.25669691891257546 0.33188170575237547 0.49999999999999994 0.6503695736796 0.7255543605194 0.8318817057523755 1.0 1.0 1.0 1.0
1.0000000000000002 1.0
1.378201915359421 1.5493775929211082
0.8910095767971034 1.7468879646055413
0.803553394031464 3.8124163475499504
2.247879815702932 1.247017072242707
1.840046873532904 3.7267181921078163
2.254302029809696 5.373327489493679
5.8936730412789275 5.03450880613907
3.7020589253240157 4.84885246955101
2.4293365241366875 6.154581322814191
3.7336669765617527 7.6870775036427474
4.0 8.0